Rxn-Species-ids	Velocity(m/s)	Density	Pressure(Pa)	CH2CH2	CH3CH3	CH4	CHCH	H2	N2	CH2CH3(S)	CH3(S)	H(S)	CH2(S)	CHCH3(S)	CH2CH2(S)	CH(S)	CCH3(S)	CHCH2(S)	C(S)	CCH2(S)	CHCH(S)	CCH(S)	CC(S)	CH4(S)	PT(S)
0001	6.279896e-04	-6.279896e-04	-2.439086e-11	5.844923e-01	-9.093259e-03	4.844562e-01	1.189630e-01	5.227863e-01	-1.361418e-14	5.753245e-01	2.379178e-01	2.423382e-01	3.013599e-01	6.165914e-01	5.649420e-01	4.008381e-02	3.553188e-01	3.551631e-01	-2.211843e-01	9.401187e-02	9.919478e-02	-1.621597e-01	-4.234278e-01	4.649170e-01	-1.894078e-02
0002	2.904134e-06	-2.904134e-06	-1.127954e-13	2.859370e-03	-4.358448e-05	3.901565e-03	-4.646025e-04	2.397444e-03	1.271217e-16	3.233928e-05	1.081219e-03	1.633647e-03	1.399324e-03	2.333525e-03	2.296742e-03	2.137055e-04	1.148243e-03	1.148892e-03	-9.718951e-04	-3.724014e-05	-2.011608e-05	-1.206205e-03	-2.391806e-03	4.343687e-03	4.480156e-04
0003	1.628866e-06	-1.628866e-06	-6.326449e-14	1.436490e-03	-2.334319e-05	2.971701e-03	8.247452e-04	1.335162e-03	-2.001701e-16	-4.157908e-04	7.054187e-04	4.735216e-04	7.584642e-04	1.618913e-03	1.247289e-03	9.906567e-05	9.598127e-04	9.604702e-04	-5.603392e-04	3.005836e-04	3.843661e-04	-2.753866e-04	-9.347912e-04	2.781307e-03	-1.858872e-04
0004	2.873695e-11	-2.868821e-11	-1.116079e-18	3.626461e-08	-9.576514e-10	2.256351e-06	-5.559899e-08	-3.114510e-09	1.627113e-16	2.842709e-08	-9.293843e-05	2.685916e-08	-1.039215e-09	-2.474953e-08	6.496016e-08	8.942089e-10	-2.283815e-08	-2.235502e-08	2.875374e-09	-2.082187e-08	-2.682182e-08	-2.501002e-08	-2.302861e-08	-1.702425e-03	2.877966e-08
0005	-7.529582e-06	7.529580e-06	2.924459e-13	-8.082166e-03	1.210766e-04	-2.447016e-02	5.543039e-03	-6.041551e-03	-9.698152e-16	-1.832375e-03	-6.109788e-03	-1.095345e-02	-8.176062e-03	-1.222458e-02	-1.216649e-02	-1.320922e-03	-5.370942e-03	-5.373018e-03	5.534147e-03	1.483795e-03	1.453406e-03	8.311460e-03	1.516653e-02	-2.853970e-02	-4.098235e-03
0006	1.313059e-13	-1.469654e-13	-5.093729e-21	3.528615e-12	-5.810828e-14	3.293393e-12	1.011563e-12	3.344953e-12	-2.394829e-18	-1.888410e-12	5.444603e-13	5.425614e-13	1.408353e-12	2.990189e-12	3.368131e-12	-1.417997e-13	2.256192e-12	2.538704e-12	-2.435350e-12	1.151438e-12	1.374413e-12	-1.088627e-12	1.118375e-08	5.106241e-12	-1.180192e-12
0007	4.211094e-13	-5.394762e-13	-1.637599e-20	-1.972194e-10	2.928705e-12	-3.495856e-10	1.102023e-10	-1.538398e-10	-5.314991e-17	-3.423341e-11	-9.326407e-11	-1.373402e-10	-8.130025e-11	-2.257334e-10	-2.568258e-10	-1.779334e-12	-1.473798e-10	-1.445241e-10	7.342694e-11	-7.017759e-11	4.934250e-11	-4.473324e-08	1.951855e-10	-4.112893e-10	-6.170327e-11
0008	5.460280e-13	-5.101645e-13	-2.114260e-20	9.078009e-10	-1.460087e-11	2.094170e-09	3.525951e-10	8.183664e-10	3.863308e-17	2.546190e-10	9.329512e-10	7.985457e-10	9.772313e-10	1.383502e-09	1.299857e-09	5.720491e-10	9.788622e-10	9.855243e-10	-2.038717e-09	5.739885e-10	7.450849e-10	-1.226781e-09	-1.587708e-08	2.486394e-09	3.947079e-10
0009	-2.118617e-06	2.118617e-06	8.228620e-14	-2.125911e-03	3.236669e-05	-4.126262e-03	5.981402e-04	-1.733434e-03	-2.747477e-17	-1.012218e-04	-9.892156e-04	-1.260031e-03	-9.507865e-04	-2.241404e-03	-2.523678e-03	-9.328541e-05	-1.383812e-03	-1.361505e-03	7.681116e-04	-5.260635e-04	1.962309e-04	1.076934e-03	1.938334e-03	-4.522105e-03	-4.021114e-04
0010	-8.495437e-08	8.495440e-08	3.299593e-15	-8.524456e-05	1.297867e-06	-1.655212e-04	2.396963e-05	-6.950821e-05	2.310993e-17	-4.052666e-06	-3.967745e-05	-5.051926e-05	-3.814457e-05	-8.986360e-05	-1.011883e-04	-3.742248e-06	-5.547539e-05	-5.458171e-05	3.079842e-05	-2.108092e-05	7.859789e-06	4.321786e-05	7.771474e-05	-1.813876e-04	-1.611792e-05
0011	1.510366e-06	-1.510366e-06	-5.866199e-14	2.800685e-03	-1.034667e-04	3.398163e-01	-8.764902e-03	-2.855564e-03	5.133131e-17	5.068168e-03	3.161546e-01	3.214572e-03	-1.118949e-03	-1.064717e-02	7.496713e-03	3.713031e-04	-9.159446e-03	-8.856709e-03	1.898649e-03	-7.605497e-03	-4.060120e-03	-2.434788e-03	-9.074372e-04	3.444737e-01	4.704724e-03
0012	7.715271e-09	-7.715301e-09	-2.996579e-16	7.045425e-06	-9.780951e-08	-5.546320e-05	2.340826e-06	7.168717e-06	5.626747e-17	1.882068e-06	-1.571784e-05	6.640972e-06	7.798722e-06	-5.043960e-05	1.012672e-05	4.250868e-06	-5.400315e-05	8.897635e-06	7.006697e-07	5.388382e-06	5.416532e-06	1.858458e-06	-1.691739e-06	-5.230000e-05	3.093080e-06
0013	1.911436e-08	-1.911437e-08	-7.423937e-16	1.730986e-05	-2.784383e-07	3.999627e-05	6.744292e-06	1.560630e-05	-2.312037e-17	5.045996e-06	1.799653e-05	1.545354e-05	1.885022e-05	2.654370e-05	2.501932e-05	1.113540e-05	1.883369e-05	1.893920e-05	-3.970050e-05	1.112228e-05	1.444954e-05	-3.630566e-05	-8.712986e-05	4.769091e-05	7.740282e-06
0014	-1.024586e-12	1.058876e-12	3.979764e-20	9.867304e-08	-1.488583e-09	3.596561e-06	-6.514276e-07	-4.519242e-08	-2.043714e-17	2.975580e-07	6.017837e-06	2.672819e-07	8.966031e-06	2.353839e-07	3.901861e-07	-4.432365e-08	2.595015e-07	2.399246e-07	-2.317071e-08	2.836151e-07	-3.608912e-07	-3.588981e-07	-3.377478e-07	3.892266e-06	2.914052e-07
0015	-1.632847e-10	1.634090e-10	6.341848e-18	-1.610405e-07	2.444129e-09	-2.004728e-07	3.175565e-08	-1.345033e-07	-1.463140e-17	-3.953586e-09	-6.123383e-08	-9.380760e-08	-7.783119e-08	-1.371414e-07	-1.879401e-07	-1.126674e-08	-7.059106e-08	-7.065305e-08	5.529652e-08	-4.027905e-09	4.541882e-09	7.126711e-08	1.378320e-07	-2.274115e-07	-2.723684e-08
0016	-1.517298e-04	1.517298e-04	5.893124e-12	-1.488740e-01	2.268206e-03	-1.800016e-01	2.091751e-02	-1.255469e-01	-7.346048e-16	5.303005e-04	-5.651173e-02	-8.332308e-02	-7.283917e-02	-1.275882e-01	-1.697486e-01	-1.070592e-02	-6.547386e-02	-6.552238e-02	5.142449e-02	-3.348823e-03	-2.386516e-04	6.190789e-02	1.240383e-01	-2.009266e-01	-2.118933e-02
0017	-1.382822e-08	1.382810e-08	5.370823e-16	-1.438561e-05	1.589214e-07	2.409622e-04	7.216348e-06	-1.456708e-05	-4.779399e-17	-7.222376e-06	1.153648e-04	-1.218641e-05	-8.548790e-06	-1.330064e-05	-1.932256e-05	-1.325373e-06	-6.076476e-06	-6.079139e-06	5.899018e-06	1.148607e-06	2.271785e-06	9.534962e-06	1.675936e-05	2.357755e-04	-4.961321e-06
0018	3.183029e-04	-3.183029e-04	-1.236275e-11	3.068000e-01	-4.695112e-03	2.753482e-01	-8.117710e-03	2.646177e-01	2.096807e-15	-6.789052e-01	1.157904e-01	1.587127e-01	1.544492e-01	2.806323e-01	3.330902e-01	2.236086e-02	1.486881e-01	1.492071e-01	-1.097243e-01	1.670603e-02	1.814727e-02	-1.139865e-01	-2.460717e-01	3.016012e-01	2.662299e-02
0019	-1.045736e-04	1.045736e-04	4.061594e-12	-1.079784e-01	1.606252e-03	-1.349915e-01	4.927980e-02	-8.639526e-02	-1.211170e-16	-4.415139e-02	-3.567509e-02	-7.611302e-02	-5.141239e-02	-6.879724e-02	-1.411957e-01	-8.724999e-03	-2.626459e-02	-2.688447e-02	3.396234e-02	1.629598e-02	1.595465e-02	5.866252e-02	1.013499e-01	-1.682068e-01	-3.342517e-02
0020	1.847894e-07	-1.847893e-07	-7.177143e-15	2.672112e-04	-7.464127e-06	1.953341e-02	-5.828347e-04	-8.166845e-05	-1.452191e-17	3.045035e-04	-9.289093e-01	2.539005e-04	-3.852354e-05	-3.161346e-04	5.646903e-04	5.813822e-06	-2.720271e-04	-2.672466e-04	5.061925e-05	-2.268858e-04	-2.847502e-04	-2.416596e-04	-1.968546e-04	1.982419e-02	2.980930e-04
0021	4.547059e-06	-4.547059e-06	-1.766059e-13	8.605607e-03	-2.334235e-04	6.445583e-01	-2.751603e-02	-4.000219e-03	-1.017709e-17	1.421439e-02	6.593866e-01	1.162677e-02	-2.254026e-03	-1.151610e-02	2.236208e-02	-9.830842e-05	-9.373374e-03	-9.375383e-03	2.050020e-03	-7.230527e-03	-1.376264e-02	-1.182166e-02	-9.673364e-03	6.583486e-01	1.377340e-02
0022	1.025060e-11	-1.025545e-11	-3.980854e-19	1.018452e-08	-1.616681e-10	2.109356e-08	2.560512e-09	9.021637e-09	4.737445e-17	-4.062838e-09	4.174130e-09	1.950826e-09	5.203180e-09	8.941853e-09	7.654199e-09	7.457188e-10	4.484282e-09	4.479944e-09	-2.979417e-09	2.879789e-11	2.846147e-11	4.833148e-10	-3.454542e-09	1.855542e-08	-2.506372e-09
0023	9.754093e-08	-9.754080e-08	-3.788449e-15	9.061015e-05	-1.436213e-06	1.950985e-04	1.961820e-05	7.974586e-05	-1.102004e-16	-5.787871e-05	3.255523e-05	-4.706278e-06	5.079588e-05	5.760837e-05	4.626317e-05	1.140163e-05	1.822736e-05	1.806026e-05	-2.803094e-05	-2.116130e-05	-2.471153e-05	2.747477e-05	-1.195703e-05	1.506785e-04	-4.410483e-05
0024	7.193575e-08	-7.193569e-08	-2.793955e-15	6.860842e-05	-1.031751e-06	-5.132878e-05	2.883640e-06	6.118169e-05	-6.828416e-17	1.253875e-05	-2.274877e-05	5.331800e-05	5.447191e-05	-1.179861e-04	9.153704e-05	2.421624e-05	-1.482971e-04	6.963090e-05	-6.131743e-06	-1.786054e-04	2.582496e-05	-4.969829e-06	-3.531694e-05	-2.824322e-05	2.305348e-05
0025	-7.120538e-08	7.120542e-08	2.765588e-15	-7.434914e-05	1.108734e-06	-1.337231e-04	3.891190e-05	-5.831968e-05	-2.145246e-17	-1.193447e-05	-3.499090e-05	-5.095111e-05	-3.090494e-05	-8.245633e-05	-9.628464e-05	-2.056533e-06	-5.359364e-05	-5.372372e-05	2.679879e-05	-2.472576e-05	1.680812e-05	4.681980e-05	7.567532e-05	-1.556015e-04	-2.207773e-05
0026	-1.657846e-05	1.657846e-05	6.439005e-13	-1.742162e-02	2.590156e-04	-3.128211e-02	9.781018e-03	-1.357657e-02	-9.426562e-16	-2.986622e-03	-8.165870e-03	-1.207130e-02	-7.195276e-03	-1.919333e-02	-2.273740e-02	-4.725637e-04	-1.247346e-02	-1.250412e-02	6.245489e-03	-5.752377e-03	4.423509e-03	1.112185e-02	1.783995e-02	-3.658441e-02	-5.348969e-03
0027	-4.614369e-11	4.615325e-11	1.792137e-18	-4.737354e-08	8.938406e-10	-9.311205e-07	1.626907e-08	-2.803862e-08	1.079751e-16	-1.782623e-08	-4.208066e-07	-3.149844e-08	-2.333613e-08	-1.507599e-04	-6.501159e-08	-9.576775e-09	6.233813e-08	-1.514954e-08	4.213167e-09	6.020595e-08	-1.421518e-09	1.237217e-08	2.615996e-08	-9.479150e-07	-1.773653e-08
0028	5.089546e-09	-5.089526e-09	-1.976757e-16	1.586141e-05	-6.450499e-07	2.326194e-03	-7.120966e-05	-2.396603e-05	4.201838e-17	4.165276e-05	2.569839e-03	2.587960e-05	-9.341753e-06	-8.923695e-05	5.418839e-05	3.160009e-06	-7.612236e-05	-7.363987e-05	1.564429e-05	-6.309790e-05	-3.286326e-05	-1.957634e-05	-7.091922e-06	2.364983e-03	3.838051e-05
0029	4.422890e-11	-4.422557e-11	-1.717807e-18	4.321087e-08	-6.444457e-10	-5.491986e-08	1.277818e-09	3.873471e-08	-7.430422e-17	1.424526e-08	-3.447184e-08	4.006537e-08	4.048125e-08	-2.019540e-07	6.404107e-08	2.131919e-08	-1.682133e-07	5.241901e-08	2.083119e-09	-1.421355e-07	2.210475e-08	2.505913e-09	-1.672906e-08	-3.399823e-08	2.089715e-08
